{
  "nbformat": 4,
  "nbformat_minor": 0,
  "metadata": {
    "colab": {
      "provenance": [],
      "authorship_tag": "ABX9TyMunR8qbMsapMIlc6uwop5s"
    },
    "kernelspec": {
      "name": "python3",
      "display_name": "Python 3"
    },
    "language_info": {
      "name": "python"
    }
  },
  "cells": [
    {
      "cell_type": "markdown",
      "source": [
        "https://stepik.org/lesson/1370109/step/5"
      ],
      "metadata": {
        "id": "P_P80SXCgweg"
      }
    },
    {
      "cell_type": "code",
      "execution_count": null,
      "metadata": {
        "id": "H6DAso5CgvBC",
        "colab": {
          "base_uri": "https://localhost:8080/"
        },
        "outputId": "507e3edf-b64d-43ad-90bc-fde68b05d7a4"
      },
      "outputs": [
        {
          "output_type": "execute_result",
          "data": {
            "text/plain": [
              "(array([[ 0.16011934,  0.04420752,  0.93274713, -0.31998481],\n",
              "        [ 0.25411288,  0.96298817, -0.0898736 , -0.00178018],\n",
              "        [ 0.95344192, -0.26477503, -0.14177525,  0.02724812],\n",
              "        [ 0.0271466 ,  0.0243653 ,  0.31906943,  0.94702909]]),\n",
              " array([[ 0.0271466 ,  0.0243653 ,  0.31906943,  0.94702909],\n",
              "        [ 0.95344192, -0.26477503, -0.14177525,  0.02724812],\n",
              "        [ 0.25411288,  0.96298817, -0.0898736 , -0.00178018],\n",
              "        [ 0.16011934,  0.04420752,  0.93274713, -0.31998481]]))"
            ]
          },
          "metadata": {},
          "execution_count": 24
        }
      ],
      "source": [
        "import numpy as np\n",
        "\n",
        "data_x = [(1.3, 5.5), (1.5, 4.9), (4.9, 6.3), (1.5, 5.2), (3.5, 5.7), (1.4, 4.6), (4.8, 5.9), (4.5, 5.7), (3.7, 5.5), (1.5, 5.3), (4.6, 6.1), (1.6, 4.8), (1.5, 5.0), (4.0, 5.5), (1.3, 4.7), (1.4, 5.0), (1.7, 5.1), (1.5, 5.2), (3.9, 5.2), (1.5, 4.6), (4.1, 5.8), (1.9, 5.1), (4.0, 5.5), (4.6, 6.6), (4.5, 6.4), (4.5, 6.0), (4.7, 6.1), (1.3, 4.5), (5.1, 6.0), (4.4, 6.6), (4.0, 6.1), (4.5, 6.2), (3.8, 5.5), (1.5, 5.4), (4.9, 6.9), (3.0, 5.1), (4.5, 5.6), (1.4, 4.9), (4.0, 5.8), (5.0, 6.7), (4.4, 5.5), (3.9, 5.6), (1.4, 4.6), (3.3, 4.9), (3.9, 5.8), (4.2, 5.7), (4.4, 6.3), (1.4, 5.1), (1.6, 5.0), (1.5, 5.1), (4.7, 6.3), (3.6, 5.6), (4.4, 6.7), (1.7, 5.4), (1.3, 4.4), (4.1, 5.6), (1.0, 4.6), (4.3, 6.2), (1.4, 4.4), (4.5, 6.0), (4.7, 6.7), (3.3, 5.0), (1.5, 4.9), (3.5, 5.0), (1.6, 4.7), (1.4, 4.9), (1.4, 4.8), (1.3, 5.0), (4.6, 6.5), (4.0, 6.0), (4.7, 6.1), (1.6, 5.0), (1.4, 5.2), (4.7, 7.0), (1.1, 4.3), (1.6, 5.1), (4.3, 6.4), (1.2, 5.8), (1.9, 4.8), (1.4, 4.8), (1.5, 5.1), (4.8, 6.8), (4.1, 5.7), (1.7, 5.7), (1.6, 5.0), (4.2, 5.7), (1.6, 4.8), (1.2, 5.0), (1.3, 4.4), (1.7, 5.4), (4.5, 5.4), (4.2, 5.6), (1.5, 5.4), (1.4, 5.5), (1.4, 5.1), (1.5, 5.1), (4.2, 5.9), (1.5, 5.7), (1.4, 5.0), (1.3, 5.4)]\n",
        "\n",
        "X = np.array([[x[0], x[1], x[0] * x[1], x[0] / x[1]] for x in data_x]) # матрицу X не менять\n",
        "\n",
        "L, W = np.linalg.eig(X.T @ X  / len(X))\n",
        "\n",
        "WW = sorted(zip(L, W), key=lambda lx: lx[0], reverse=True)\n",
        "WW = np.array([w[1] for w in WW])\n",
        "WW1 = W[np.argsort(L)]\n",
        "\n",
        "G = X @ WW.T\n",
        "\n",
        "WW, WW1"
      ]
    }
  ]
}
